RMSE: 0.13236325979232788
CRPS: 0.056020356714725494