RMSE: 0.04768400639295578
CRPS: 0.019400019198656082

RMSE: 0.028086185455322266
CRPS: 0.01758611388504505