RMSE: 0.04768400639295578
CRPS: 0.019400019198656082