RMSE: 0.028677720576524734
CRPS: 0.01895407773554325