RMSE: 0.024094104766845703
CRPS: 0.014321376569569111