epoch: 99, loss: -6.8137
RMSE: 0.12410072237253189
CRPS: 0.04979296401143074