GRU-DNF:
RMSE: 0.028086185455322266
CRPS: 0.01758611388504505

GRU-CNF:
RMSE: 0.026652434840798378
CRPS: 0.017408231273293495