RMSE: 0.0648810863494873
CRPS: 0.03489293530583381