RMSE: 0.0648810863494873
CRPS: 0.03489293530583381

RMSE: 0.09786882251501083
CRPS: 0.06480803340673447

RMSE: 0.024658078327775
CRPS: 0.016263702884316444