RMSE: 0.030873846262693405
CRPS: 0.021216582506895065