RMSE: 0.019370190799236298
CRPS: 0.010132606141269207