RMSE: 0.017328673973679543
CRPS: 0.008912913501262665

RMSE: 0.026652434840798378
CRPS: 0.017408231273293495