RMSE: 0.017328673973679543
CRPS: 0.008912913501262665