RMSE: 0.03681010380387306
CRPS: 0.02554120309650898