RMSE: 0.05798324570059776
CRPS: 0.028965460136532784

256
RMSE: 0.06217985600233078
CRPS: 0.032916612923145294