RMSE: 0.05798324570059776
CRPS: 0.028965460136532784